0.15864274956525526	2.3141406480469597	2707.6037091726034	1.836076609483745	2.5143827360191366	2.2704793038576185	17.53115918289276
0.3172854991305105	2.304831863518528	736.102915267362	1.7964538030360981	2.487382349581197	2.267406154498837	13.67811130507236
0.4759282486957658	2.3004414554535635	337.39893074302364	1.785541099541616	2.466406659801337	2.2629525792221217	11.71291519969972
0.634570998261021	2.296654275006764	193.07171506801876	1.7806491494398653	2.4486740070505983	2.2576738763254314	10.486936847033842
0.7932137478262763	2.292548270398373	125.04583063148428	1.7775159609308855	2.4330330439402865	2.2519170155751747	9.634977083257207
0.9518564973915316	2.2878732649832476	87.66934646055438	1.7749535817321749	2.41880958834451	2.245833165498542	9.000085871578893
1.110499246956787	2.2825561795813023	64.95459420127139	1.7725372007548852	2.4055342954523944	2.239457795514558	8.50265748831031
1.269141996522042	2.2765845013896233	50.126766651444285	1.7700895585697056	2.3928655371304526	2.232777439993445	8.097822166543189
1.4277847460872972	2.269970998578385	39.916061361996256	1.767529967968407	2.3805559693127827	2.225766962774459	7.75835304968487
1.5864274956525526	2.262740707076866	32.58701315432131	1.7648208585632768	2.368429809716015	2.2184057172804685	7.466794954876152
1.745070245217808	2.254925265057865	27.149088878307673	1.7619460009743606	2.356364933003235	2.2106826073565715	7.2114654155849935
1.903712994783063	2.2465600501836653	23.003487895193	1.7589006108901548	2.3442788373541985	2.202596295301253	6.984267497687657
2.0623557443483183	2.2376825266064158	19.770935291145257	1.7556864298526837	2.3321179621981445	2.194153675576413	6.779422743817483
2.220998493913574	2.2283311783286575	17.201735968104437	1.7523090843386995	2.3198497318661904	2.185367975307596	6.592702486603803
2.379641243478829	2.2185447617399685	15.126063151893547	1.7487765677498568	2.307456699859352	2.176257000790327	6.420943480493418
2.538283993044084	2.2083617530770416	13.425153503873881	1.7450983124824957	2.29493226029468	2.1668416835106163	6.261732828302348
2.6969267426093393	2.197819928106	12.013932185006059	1.7412845906808272	2.2822775094725634	2.1571449346189375	6.113197395960623
2.8555694921745944	2.186956039428611	10.830163644501617	1.737346108495668	2.2694989460499393	2.1471907678048634	5.973859717572535
3.01421224173985	2.175805570329417	9.827470227655546	1.7332937206225278	2.2566067822940576	2.1370036401107715	5.842537340651478
3.172854991305105	2.1644025509289695	8.970719359258066	1.7291382237206598	2.243613701749851	2.126607963873623	5.718271212140882
3.3314977408703603	2.152779426094384	8.232903519874768	1.7248902043131915	2.2305339443348817	2.116027750666514	5.600273876515776
3.490140490435616	2.1409669667000326	7.5929853841850266	1.7205599261553495	2.2173826326648807	2.1052863560154735	5.487891436324604
3.648783240000871	2.128994217199253	7.034381388721456	1.716157247396966	2.2041752768815814	2.094406300542296	5.380575229348003
3.807425989566126	2.116888473439065	6.543876362589762	1.711691560987634	2.19092741209441	2.083409148780225	5.277860467809259
3.9660687391313814	2.104675285410415	6.110834662897442	1.7071717536510143	2.1776543346942256	2.072315431326057	5.179349933763791
4.1247114886966365	2.092378480269298	5.726618730334431	1.7026061799212768	2.1643709126135753	2.061144599424942	5.08470139259008
4.283354238261892	2.0800202015347833	5.384154998452416	1.6980026484876887	2.151091451046776	2.0499150037289544	4.9936177725366235
4.441996987827148	2.0676209608901157	5.077605973602022	1.693368418603172	2.1378295998714223	2.03864389099635	4.905839424579584
4.600639737392402	2.055199699492138	4.802119813015638	1.6887102046775673	2.1245982925006954	2.0273474140423797	4.821137963026408
4.759282486957658	2.0427738561357627	4.553637154572186	1.6840341874535767	2.111409708477042	2.0160406514230518	4.739311319060641
4.917925236522913	2.0303594400249056	4.328740713725787	1.6793460303862284	2.0982752540327185	2.004737634215891	4.660179733735599
5.076567986088168	2.0179711062690213	4.124537159012763	1.674650900034384	2.0852055562652883	1.9934513779233387	4.583582485135425
5.235210735653424	2.0056222325550896	3.9385635851274534	1.6699534894363781	2.072210467634447	1.9821939180173673	4.509375194252269
5.393853485218679	1.9933249957388128	3.768712899272556	1.6652580435873723	2.059299078273885	1.9709763480090603	4.437427590841709
5.552496234783934	1.981090447356888	3.6131738727021285	1.6605683862669118	2.0464797341990777	1.9598088591960883	4.367621647832014
5.711138984349189	1.9689285872860056	3.4703826534233606	1.6558879475832438	2.0337600599299415	1.9487007814387656	4.299850013323076
5.8697817339144445	1.9568484349657587	3.338983302559939	1.6512197917072693	2.02114698437535	1.9376606244605359	4.2340146846728475
6.0284244834797	1.944858097764404	3.217795484940051	1.6465666443642135	2.008646769073335	1.9266961192755987	4.170025880935938
6.187067233044955	1.9329648362011216	3.105787869155913	1.6419309197356813	1.996265038067529	1.9158142594256973	4.107801078937115
6.34570998261021	1.9211751258489325	3.002056112473951	1.637314746499291	1.9840068088433462	1.9050213417677715	4.047264185229216
6.504352732175466	1.9094947158316653	2.905804549186872	1.632719992798048	1.9718765238575795	1.8943230066000851	3.9883448215913146
6.662995481740721	1.8979286838990923	2.8163308871432897	1.628148289987653	1.9598780822817374	1.8837242769506952	3.9309777059588376
6.821638231305976	1.8864814881192657	2.733013360658533	1.6236010550577387	1.948014871648428	1.8732295968817105	3.8751021140139477
6.980280980871232	1.8751570152686479	2.6552998993226966	1.619079511663267	1.9362897991458126	1.862842868687707	3.8206614092993516
7.1389237304364865	1.8639586260310375	2.5826989591326353	1.6145847097357255	1.9247053223514494	1.852567488888272	3.7676026318351905
7.297566480001742	1.852889197137597	2.514771730641221	1.6101175436711208	1.913263479235318	1.8424063829338622	3.7158761369032653
7.456209229566997	1.8419511605941723	2.451125492746712	1.6056787691137009	1.901965917294611	1.8323620385614912	3.665435277030201
7.614851979132252	1.8311465401501033	2.3914079235814096	1.6012690183716276	1.8908139217112607	1.8224365377525713	3.6162361213150156
7.773494728697508	1.8204769851661193	2.3353022141612305	1.5968888145140205	1.8798084424473671	1.8126315872597136	3.568237207147431
7.932137478262763	1.8099438020387775	2.282522857902827	1.5925385842085658	1.8689501202151242	1.8029485476824967	3.521399320113368
8.090780227828018	1.7995479833361123	2.232812011242409	1.5882186693657043	1.8582393112764444	1.793388461084251	3.475685298502431
8.249422977393273	1.7892902347944672	2.1859363385123247	1.5839293376598325	1.8476761110434292	1.7839520771527453	3.4310598593372243
8.40806572695853	1.7791710003204424	2.1416842688104696	1.5796707920003228	1.8372603764653157	1.774639877917343	3.3874894432865474
8.566708476523784	1.7691904851349916	2.0998636045070658	1.5754431790259624	1.8269917471992263	1.765452101043752	3.3449420761700193
8.725351226089039	1.7593486771892954	2.0602994308013343	1.5712465966958509	1.8168696655729522	1.7563887617349028	3.3033872450813675
8.883993975654295	1.7496453669744159	2.0228322837830817	1.5670811010482721	1.8068933953564432	1.747449673272855	3.262795787402142
9.04263672521955	1.7400801658390836	1.987316541100782	1.562946712196708	1.797062039366531	1.738634466241946	3.2231397912121325
9.201279474784805	1.7306525229224778	1.953619004850225	1.5588434196292824	1.787374555935166	1.729942606477751	3.1843925057783187
9.35992222435006	1.7213617408015998	1.9216176508856058	1.5547711868745993	1.7778297742767977	1.7213734117898705	3.146528260978995
9.518564973915316	1.7122069899459005	1.8912005225857489	1.5507299555933902	1.768426408794195	1.7129260675091775	3.1095223946512434
9.67720772348057	1.703187322065267	1.8622647503172407	1.5467196491516448	1.7591630723650602	1.7045996409120165	3.073351186973567
9.835850473045825	1.6943016824312822	1.8347156805327254	1.5427401757271362	1.7500382886541113	1.6963930945750174	3.0379918011057803
9.994493222611082	1.6855489212459036	1.8084661007152438	1.5387914309974728	1.741050503496559	1.6883052987147709	3.0034222293940784
10.153135972176337	1.6769278041263145	1.7834355483003246	1.5348733004541202	1.7321980953997171	1.6803350425666435	2.9696212445305243
10.311778721741591	1.668437021769709	1.7595496933356203	1.5309856613832387	1.7234793852100445	1.6724810448566008	2.9365683551346473
10.470421471306848	1.6600751988571412	1.736739786021545	1.5271283845507524	1.714892644992082	1.6647419634190992	2.904243765268505
10.629064220872102	1.651840902251276	1.7149421614553577	1.5233013356257836	1.706436106166127	1.657116404012967	2.872628337479706
10.787706970437357	1.6437326485389359	1.6940977949082971	1.519504376373485	1.6981079669493744	1.6496029283857956	2.8417035589786455
10.946349720002614	1.635748910965668	1.6741519018278384	1.515737365645409	1.6899063991451362	1.6422000616357297	2.8114515106315316
11.104992469567868	1.627888125806195	1.6550535774974584	1.512000160192823	1.6818295543228219	1.6349062989177614	2.7818548384704354
11.263635219133123	1.620148698211483	1.636755471923225	1.5082926153258713	1.673875569429653	1.6277201115397018	2.752896727451864
11.422277968698378	1.6125290075702896	1.6192134960657443	1.504614585439141	1.666042571874021	1.620639952491001	2.724560877241508
11.580920718263634	1.6050274124203883	1.6023865560105892	1.5009659244220446	1.6583286841179796	1.6136642614455128	2.6968314798102195
11.739563467828889	1.5976422549422011	1.5862363120813172	1.497346485970457	1.650732027814831	1.6067914692772072	2.669693198657243
11.898206217394144	1.590371865065293	1.5707269602558127	1.4937561238142398	1.6432507275262123	1.6000200021257251	2.6431311495064587
12.0568489669594	1.5832145642160587	1.5558250335567658	1.4901946918736328	1.635882914050371	1.5933482850465914	2.6171308823131865
12.215491716524655	1.5761686687329837	1.5414992213572098	1.4866620443560075	1.6286267273925523	1.5867747452788363	2.591678364467576
12.37413446608991	1.5692324929740216	1.5277202047778047	1.4831580358031018	1.6214803194058118	1.5802978151607785	2.566759965070851
12.532777215655166	1.562404352138948	1.5144605065586842	1.479682521097644	1.614441856129169	1.5739159347227614	2.5423624401844886
12.69141996522042	1.5556825648279702	1.501694353969266	1.4762353554371517	1.6075095198480946	1.5676275539837556	2.518472918957933
12.850062714785675	1.5490654553564034	1.4893975534778408	1.472816394281702	1.6006815109010668	1.5614311349769254	2.495078890561006
13.008705464350932	1.5425513558438548	1.477547376042043	1.469425493281574	1.5939560492533393	1.5553251535275225	2.4721681918292067
13.167348213916187	1.5361386080950892	1.4661224520038876	1.466062508189856	1.5873313758593044	1.5493081008048182	2.4497289955864794
13.325990963481441	1.5298255652885462	1.4551026746811802	1.462727294764405	1.580805753831456	1.543378484668205	2.4277497995633706
13.484633713046698	1.523610593487386	1.4444691118425868	1.4594197086628975	1.5743774694337058	1.537534830826127	2.406219415866316
13.643276462611952	1.5174920729868877	1.4342039243381106	1.456139605334152	1.5680448329153718	1.5317756838250702	2.385126960955725
13.801919212177207	1.5114683995110663	1.424290291231535	1.4528868399083956	1.561806179200585	1.5260996078845406	2.364461846085754
13.960561961742464	1.5055379852704691	1.4147123408477698	1.449661267088706	1.5556598684473388	1.5205051875927023	2.3442137681808397
14.119204711307718	1.4996992598922612	1.4054550872070035	1.4464627410454693	1.5496042864879758	1.5149910284761865	2.3243727010905877
14.277847460872973	1.4939506712329322	1.3965043713700176	1.4432911153153491	1.5436378451643897	1.509555757456493	2.304928887237118
14.436490210438228	1.4882906860832055	1.3878468072657548	1.440146242705961	1.5377589825663887	1.5041980232043883	2.2858728295654336
14.595132960003484	1.4827177907740579	1.37946973161392	1.4370279752071848	1.5319661631858392	1.4989164964027533	2.267195283848764
14.753775709568739	1.4772304916921	1.3713611575926155	1.433936163909822	1.5262578779932543	1.4937098699274611	2.2488872512625084
14.912418459133994	1.471827315711984	1.3635097319343177	1.4308706589320996	1.5206326444461142	1.488576858955039	2.2309399712360545
15.07106120869925	1.4665068105529282	1.3559046951633116	1.4278313093543649	1.5150890064369835	1.4835162010051128	2.213344914578471
15.229703958264505	1.461267545065939	1.3485358447144278	1.4248179631621563	1.509625534187002	1.4785266559249346	2.1960937768272455
15.38834670782976	1.4561081094578192	1.341393500696913	1.4218304671977249	1.5042408240925451	1.473607005822641	2.179178471846301
15.546989457395016	1.451027115457592	1.3344684740888257	1.4188686671199644	1.4989334985291725	1.46875605495529	2.16259112561792
15.70563220696027	1.4460231964305577	1.327752037166738	1.4159324073726338	1.493702205619519	1.4639726295771798	2.1463240702554773
15.864274956525525	1.4410950074447917	1.3212358959929877	1.4130215311606693	1.488545618969127	1.4592555777534357	2.1303698382071685
16.02291770609078	1.4362412252945398	1.314912164798475	1.4101358804343378	1.4834624373748329	1.4546037691433904	2.114721156649898
16.181560455656037	1.431460548484614	1.3087733421132008	1.4072752958809267	1.4784513845083112	1.4500160947578515	2.099370942030831
16.340203205221293	1.4267516971795757	1.3028122885095956	1.4044396169236328	1.4735112085810642	1.4454914666939565	2.084312294821835
16.498845954786546	1.4221134131212068	1.297022205835283	1.4016286817272814	1.4686406819910625	1.4410288178509523	2.0695384944014963
16.657488704351803	1.417544459517476	1.2913966178224505	1.398842327210488	1.4638386009553106	1.4366271016299144	2.0550429940952277
16.81613145391706	1.4130436209059756	1.285929351970518	1.3960803890638638	1.459103785131344	1.4322852916201056	2.040819416378516
16.974774203482312	1.4086097029945437	1.2806145226074324	1.3933427017738476	1.4544350772289594	1.4280023812744076	2.0268615482112957
17.13341695304757	1.404241532481585	1.2754465150427698	1.3906290986517593	1.449831342614471	1.4237773835760041	2.013163336503882
17.292059702612825	1.3999379568583892	1.2704199707329533	1.3879394118676518	1.4452914689100111	1.4196093306982671	1.9997188837264743
17.450702452178078	1.3956978441955603	1.2655297733853734	1.3852734724885623	1.4408143655885413	1.4154972736595801	1.986522443632542
17.609345201743334	1.3915200829154937	1.2607710359341113	1.3826311105207523	1.4363989635676162	1.4114402819746505	1.973568417131279
17.76798795130859	1.387403581552677	1.2561390883253394	1.3800121549555502	1.4320442148001051	1.407437443303689	1.9608513482261678
17.926630700873844	1.383347268503441	1.2516294660553784	1.3774164338184118	1.4277490918681175	1.4034878631006693	1.9483659201451413
18.0852734504391	1.379350091766642	1.2472378994088706	1.3748437742208321	1.423512587574478	1.3995906642617513	1.936106951489076
18.243916200004353	1.3754110186766413	1.242960303348621	1.3722940024147545	1.4193337145397549	1.3957449867748069	1.9240693925750323
18.40255894956961	1.371529035629814	1.238792768012391	1.3697669438491389	1.4152115048002871	1.3919499873708858	1.9122483218357016
18.561201699134866	1.367703147805717	1.2347315497753615	1.3672624232283663	1.4111450094095868	1.3882048391783395	1.9006389423148309
18.71984444870012	1.3639323788839504	1.2307730628401026	1.364780264572173	1.4071332980448747	1.3845087313802367	1.889236578284493
18.878487198265375	1.3602157707576406	1.226913871318771	1.3623202912768244	1.403175458618475	1.380860868875609	1.8780366719614316
19.037129947830632	1.3565523832443969	1.2231506817748807	1.3598823261772581	1.3992705968924932	1.377260471944998	1.8670347802695888
19.195772697395885	1.3529412937955128	1.2194803361944124	1.3574661916099349	1.3954178361014606	1.3737067759206898	1.8562265717534026
19.35441544696114	1.349381597204105	1.2158998053582457	1.355071709476162	1.3916163165795656	1.370199030861981	1.845607823547278
19.513058196526398	1.3458724053128224	1.2124061825899406	1.352698701305664	1.3878651953932062	1.3667365012357453	1.8351744184108456
19.67170094609165	1.3424128467216923	1.2089966778547672	1.3503469883201906	1.3841636459812465	1.363318465602529	1.824922341881296
19.830343695656907	1.339002066496613	1.2056686121876101	1.3480163914969732	1.3805108578020509	1.3599442163083588	1.8148476795130155
19.988986445222164	1.3356392258789551	1.20241941242897	1.3457067316318476	1.376906035983741	1.3566130591824046	1.8049466141121981
20.147629194787417	1.3323235019966777	1.1992466062497404	1.3434178294018855	1.3733484009866592	1.3533243132405979	1.7952154231821367
20.306271944352673	1.3290540875773296	1.1961478174467997	1.341149505427379	1.3698371882674256	1.3500773103952874	1.7856504763154635
20.46491469391793	1.3258301906632612	1.1931207614926997	1.338901580333049	1.3663716479534322	1.3468713951709754	1.776248232746708
20.623557443483183	1.3226510343293367	1.190163241323886	1.3366738748083469	1.3629510445200872	1.3437059244261549	1.7670052388755324
20.78220019304844	1.3195158564034006	1.1872731433529493	1.3344662096667461	1.3595746564809952	1.3405802670812526	1.7579181260064212
20.940842942613695	1.3164239091897292	1.184448433691394	1.3322784059039159	1.356241776078934	1.3374938038526558	1.7489836080086272
21.09948569217895	1.313374459195654	1.181687154570314	1.3301102847546966	1.3529517089864318	1.334445926992788	1.7401984791097072
21.258128441744205	1.3103667868615396	1.1789874209472166	1.327961667748792	1.3497037740125546	1.3314360400361847	1.731559611739507
21.41677119130946	1.3074001862942521	1.1763474172880117	1.3258323767651112	1.3464973028168639	1.328463557551509	1.7230639544479929
21.575413940874714	1.3044739650042532	1.1737653945139062	1.3237222340847057	1.3433316396288186	1.3255279048994277	1.7147085298554654
21.73405669043997	1.3015874436464197	1.1712396671036163	1.3216310624422403	1.3402061409739492	1.3226285179962751	1.7064904326677959
21.892699440005227	1.2987399557646808	1.1687686103419357	1.3195586850759673	1.3371201754071795	1.3197648430834064	1.6984068277661573
22.05134218957048	1.2959308475405447	1.1663506577062683	1.3175049257761593	1.334073123251331	1.3169363365021511	1.6904549483251277
22.209984939135737	1.2931594775455706	1.1639842983832782	1.315469608931976	1.3310643763432919	1.3141424644742605	1.6826320940195787
22.368627688700993	1.2904252164978327	1.1616680749083041	1.3134525595767417	1.328093337782751	1.3113827028877452	1.674935629200096
22.527270438266246	1.2877274470224083	1.159400580920654	1.3114536034316218	1.3251594216928053	1.3086565370879957	1.6673629812594464
22.685913187831503	1.2850655634159103	1.157180459028317	1.3094725669476799	1.3222620529791143	1.3059634616740698	1.6599116388752861
22.844555937396755	1.2824389714150768	1.1550063987760513	1.3075092773463206	1.319400667100048	1.3033029803000387	1.6525791504257197
23.003198686962012	1.2798470879694217	1.1528771347111526	1.3055635626581066	1.3165747098433018	1.3006746054812712	1.6453631224713285
23.16184143652727	1.2772893410179385	1.1507914445415883	1.3036352517599643	1.3137836370992482	1.298077858405546	1.638261218076852
23.32048418609252	1.2747651692698496	1.1487481473814778	1.3017241744107786	1.3110269146530171	1.2955122687488734	1.631271155491445
23.479126935657778	1.2722740219893778	1.1467461020792253	1.299830161285391	1.3083040179680592	1.2929773744959103	1.624390706548437
23.637769685223034	1.2698153587845187	1.1447842056238822	1.2979530440070166	1.3056144319871492	1.2904727217648553	1.6176176953961439
23.796412434788287	1.2673886493997866	1.1428613916255819	1.2960926551780951	1.3029576509262775	1.2879978646367105	1.6109499969854877
23.955055184353544	1.2649933735128946	1.1409766288661416	1.2942488284095999	1.3003331780847012	1.2855523649887939	1.604385535861129
24.1136979339188	1.2626290205353377	1.1391289199161492	1.2924213983488229	1.2977405256524812	1.2831357923323945	1.5979222848208068
24.272340683484053	1.2602950894168337	1.1373172998150753	1.2906102007056657	1.295179214523341	1.2807477236544575	1.591558263628284
24.43098343304931	1.2579910884535788	1.1355408348111466	1.2888150722774587	1.2926487741155985	1.2783877432631945	1.5852915378448447
24.589626182614566	1.255716535100274	1.1337986211579105	1.2870358509723396	1.290148742193118	1.2760554426375088	1.5791202175941688
24.74826893217982	1.2534709557858663	1.132089783964592	1.2852723758312208	1.2876786646946055	1.2737504202801364	1.5730424564552183
24.906911681745076	1.2512538857329638	1.1304134760975153	1.2835244870483744	1.2852380955631901	1.2714722815743955	1.5670564502979496
25.065554431310332	1.2490648687808628	1.128768877130012	1.2817920259906703	1.28282659658262	1.2692206386444493	1.5611604362101585
25.224197180875585	1.2469034572121385	1.1271551923383867	1.2800748352154965	1.2804437372184303	1.2669951102189834	1.5553526914784919
25.38283993044084	1.2447692115827427	1.1255716517416452	1.2783727584873994	1.278089094455959	1.2647953214981997	1.5496315324384147
25.541482680006098	1.2426617005555525	1.124017509182819	1.276685640793474	1.275762252652458	1.2626209040240393	1.5439953135915698
25.70012542957135	1.2405805007373125	1.1224920414498398	1.2750133283575416	1.2734628033859405	1.260471495553539	1.5384424265922438
25.858768179136607	1.2385251965189168	1.1209945474340293	1.2733556686531498	1.271190345307533	1.2583467399352382	1.5329712992604976
26.017410928701864	1.2364953799189669	1.1195243473243763	1.2717125104154268	1.2689444840005117	1.256246286988544	1.5275803946961388
26.176053678267117	1.2344906504305555	1.1180807818358738	1.2700837036518284	1.2667248318439819	1.254169792385979	1.522268210447277
26.334696427832373	1.2325106148712126	1.1166632114702773	1.268469099651814	1.2645310078689327	1.2521169175382234	1.5170332774556017
26.49333917739763	1.2305548872359582	1.11527101580774	1.2668685509954796	1.2623626376362769	1.2500873294818788	1.5118741594547143
26.651981926962883	1.2286230885534037	1.1139035928278578	1.265281911561192	1.2602193530969972	1.2480807007698729	1.5067894519136869
26.81062467652814	1.226714846744847	1.112560358258738	1.263709036532252	1.2581007924697123	1.2460967093644315	1.5017777813318771
26.969267426093396	1.2248297964862997	1.111240744952777	1.2621497824026238	1.2560066001226449	1.2441350385325498	1.4968378045885946
27.12791017565865	1.222967579073394	1.1099442022879	1.2606040069817626	1.2539364264403032	1.2421953767438862	1.4919682079029903
27.286552925223905	1.2211278422891105	1.1086701955930878	1.259071569398577	1.251889927716501	1.240277417571018	1.487167706349148
27.44519567478916	1.2193102402742744	1.1074182055970652	1.2575523301045557	1.2498667660336253	1.238380859591987	1.4824350430185398
27.603838424354414	1.2175144334007604	1.1061877278990937	1.256046150876093	1.2478666091534725	1.2365054062950764	1.477768988404259
27.76248117391967	1.2157400881473577	1.1049782724608606	1.254552894816044	1.2458891304007433	1.2346507659857537	1.4731683395809205
27.921123923484927	1.2139868769782363	1.1037893631185078	1.2530724263545427	1.2439340085596686	1.232816651695721	1.4686319196434665
28.07976667305018	1.212254478223965	1.1026205371138953	1.2516046112491097	1.2420009277698065	1.2310027810940156	1.4641585770899352
28.238409422615437	1.2105425759650283	1.1014713446442335	1.2501493165840847	1.2400895774217513	1.2292088764001035	1.4597471851667505
28.39705217218069	1.2088508599177883	1.1003413484292732	1.2487064107694084	1.2381996520551928	1.2274346642989111	1.4553966412321497
28.555694921745946	1.2071790253228447	1.0992301232952681	1.2472757635387866	1.236330851260936	1.2256798758577443	1.4511058661748346
28.714337671311203	1.2055267728357406	1.0981372557749745	1.2458572459472608	1.2344828795868588	1.223944246445042	1.446873803887871
28.872980420876456	1.2038938084199664	1.0970623437229872	1.2444507303682162	1.2326554464395005	1.2222275156509146	1.4426994206125834
29.031623170441712	1.2022798432422113	1.0960049959457392	1.2430560904898504	1.2308482659969624	1.2205294272094216	1.4385817045045048
29.19026592000697	1.2006845935698174	1.0949648318455325	1.2416732013111311	1.2290610571157106	1.2188497289225402	1.4345196650323118
29.34890866957222	1.19910778067039	1.0939414810779964	1.240301939137267	1.2272935432436658	1.2171881725857794	1.4305123324876912
29.507551419137478	1.1975491307135155	1.092934583222392	1.2389421815747166	1.225545452332088	1.2155445139153978	1.4265587574394056
29.666194168702734	1.1960083746745458	1.0919437874642237	1.2375938075257584	1.2238165167553694	1.2139185124771836	1.4226580103353863
29.824836918267987	1.194485248240401	1.0909687522896259	1.2362566971826465	1.222106473227069	1.2123099316167514	1.4188091809934784
29.983479667833244	1.1929794917173506	1.0900091451910376	1.234930732021372	1.2204150627121282	1.2107185383913226	1.4150113779808593
30.1421224173985	1.1914908499407317	1.0890646423836832	1.2336157947950548	1.218742030363607	1.2091441035029464	1.4112637285120984
30.300765166963753	1.1900190721865564	1.0881349285324133	1.232311769526983	1.217087125423851	1.2075864012331257	1.4075653775318528
30.45940791652901	1.1885639120849743	1.087219696488473	1.2310185415033241	1.2154501011768775	1.2060452093788137	1.4039154879091367
30.618050666094266	1.1871251275355479	1.0863186470357882	1.229735997265525	1.2138307148383254	1.204520309189743	1.4003132392233575
30.77669341565952	1.1857024806243004	1.085431488646378	1.2284640246024208	1.2122287275217494	1.203011485307056	1.3967578282177935
30.935336165224776	1.1842957375424998	1.0845579372445204	1.2272025125420694	1.2106439041398507	1.201518525703204	1.3932484677892807
31.093978914790032	1.1829046685071398	1.0836977159793162	1.2259513513433322	1.209076013341856	1.2000412216230805	1.3897843867560196
31.252621664355285	1.1815290476830822	1.0828505550053074	1.224710432487215	1.2075248274552957	1.1985793675263625	1.386364829699443
31.41126441392054	1.1801686531068236	1.082016191270831	1.2234796486679866	1.2059901224052272	1.1971327610310243	1.38298905628726
31.569907163485798	1.1788232666118525	1.081194368313794	1.2222588937840932	1.2044716776562456	1.195701202858001	1.3796563410781997
31.72854991305105	1.177492673755561	1.0803848360645738	1.2210480629288778	1.2029692761554491	1.194284496776969	1.376365973326737
31.887192662616307	1.176176663747679	1.0795873506557652	1.2198470523811265	1.2014827042527239	1.1928824495532175	1.37311725626902
32.04583541218156	1.174875029380193	1.078801674238498	1.218655759595451	1.2000117516572968	1.1914948708955877	1.3699095071869738
32.20447816174682	1.173587566958728	1.0780275748050723	1.2174740831925217	1.1985562113597483	1.1901215734054482	1.3667420566942314
32.36312091131207	1.1723140762353448	1.0772648260176603	1.2163019229491652	1.1971158795936894	1.1887623725266883	1.3636142488743663
32.521763660877326	1.171054360342739	1.076513207042841	1.215139179788338	1.1956905557611281	1.1874170864966982	1.360525440603912
32.680406410442586	1.1698082257297966	1.0757725023917413	1.2139857557689877	1.194280042385671	1.1860855362983216	1.3574750014683015
32.83904916000784	1.168575482098487	1.0750425017655674	1.2128415540758164	1.1928841450546976	1.1847675456127476	1.354462313418448
32.99769190957309	1.167355942342059	1.0743229999063193	1.2117064790089511	1.1915026723572077	1.183462940773328	1.3514867703161932
33.15633465913835	1.1661494224845117	1.073613796452492	1.2105804359735384	1.1901354358444742	1.182171550720295	1.348547777961527
33.314977408703605	1.1649557416213168	1.072914695799572	1.2094633314692678	1.1887822499779033	1.1808932069563598	1.345644753823405
33.47362015826886	1.1637747218613588	1.0722255069651492	1.2083550730798374	1.1874429320538187	1.1796277435031692	1.342777126251833
33.63226290783412	1.1626061882700716	1.0715460434584696	1.2072555694623692	1.186117302188416	1.178374996858606	1.3399443349869689
33.79090565739937	1.1614499688137436	1.0708761231542652	1.2061647303367813	1.184805183243962	1.177134805954906	1.3371458303713213
33.949548406964624	1.1603058943049656	1.070215568170696	1.2050824664751292	1.1835064007862515	1.1759070121175836	1.3343810732290224
34.108191156529884	1.1591737983491979	1.0695642047512575	1.2040086896909206	1.1822207830495761	1.1746914590251363	1.331649534893388
34.26683390609514	1.1580535172924311	1.0689218631505046	1.2029433128284124	1.1809481608699794	1.1734879926695205	1.3289506965304845
34.42547665566039	1.156944890169918	1.0682883775234502	1.2018862497518978	1.1796883676583467	1.1722964613173756	1.3262840493150554
34.58411940522565	1.1558477586559515	1.0676635858185064	1.2008374153349899	1.1784412393417296	1.1711167154719815	1.3236490939024592
34.7427621547909	1.1547619670146694	1.0670473296738394	1.1997967254499071	1.1772066143326	1.1699486078359347	1.3210453404935794
34.901404904356156	1.1536873620518595	1.0664394543170113	1.1987640969567697	1.1759843334782163	1.1687919932745252	1.3184723084551422
35.060047653921416	1.1526237930677463	1.0658398084677927	1.1977394476929082	1.1747742400242531	1.1676467287797985	1.315929526236563
35.21869040348667	1.151571111810738	1.065248244244033	1.1967226964621958	1.1735761795601924	1.1665126734352922	1.31341653087926
35.37733315305192	1.1505291724321105	1.064664617070476	1.1957137630244035	1.172389999994371	1.1653896883814263	1.3109328681560044
35.53597590261718	1.149497831441613	1.0640887855904173	1.1947125680845874	1.1712155515159244	1.1642776367815388	1.308478092413909
35.694618652182434	1.1484769476639691	1.063520611580104	1.1937190332825116	1.1700526865486995	1.1631763837885487	1.3060517662322222
35.85326140174769	1.147466382196259	1.0629599598657777	1.1927330811821106	1.1689012597022432	1.1620857965122353	1.3036534600060994
36.01190415131294	1.1464659983661623	1.0624066982432707	1.1917546352609956	1.1677611277559277	1.1610057439871206	1.3012827522345285
36.1705469008782	1.1454756616910426	1.0618606974000604	1.1907836199000084	1.166632149605842	1.1599360971409418	1.2989392289931114
36.32918965044345	1.1444952398378554	1.0613218308397057	1.1898199603728286	1.1655141862465415	1.1588767287636994	1.2966224841480605
36.487832400008706	1.1435246025838626	1.0607899748085716	1.1888635828356342	1.1644071007223638	1.1578275134772735	1.294332118903272
36.646475149573966	1.1425636217781363	1.0602650082247729	1.1879144143168223	1.1633107580929678	1.1567883277055917	1.2920677416439457
36.80511789913922	1.1416121713038336	1.059746812609254	1.1869723827067895	1.162225025392454	1.1557590496453407	1.2898289676320687
36.96376064870447	1.1406701270412274	1.0592352720189342	1.186037416747779	1.1611497716268768	1.1547395592372076	1.2876154195172282
37.12240339826973	1.1397373668314763	1.0587302729818484	1.1851094460237928	1.1600848677101867	1.1537297381376421	1.2854267265134955
37.281046147834985	1.1388137704411192	1.0582317044342149	1.1841884009505748	1.1590301864385146	1.1527294696911285	1.2832625243916396
37.43968889740024	1.1378992195272748	1.0577394576593648	1.183274212765665	1.1579856024683661	1.1517386389029556	1.281122455545544
37.5983316469655	1.136993597603537	1.0572534262284703	1.1823668135185286	1.1569509922883694	1.1507571324124755	1.2790061689104943
37.75697439653075	1.1360967900065477	1.0567735059430128	1.1814661360607608	1.1559262341603271	1.1497848384668434	1.2769133192145459
37.915617146096004	1.135208683863232	1.056299594778931	1.180572114036369	1.1549112081298092	1.1488216468952246	1.2748435677122316
38.074259895661264	1.1343291680586851	1.0558315928323951	1.179684681872136	1.15390579597149	1.1478674490834615	1.2727965815102282
38.23290264522652	1.1334581332046918	1.0553694022671503	1.1788037747680629	1.1529098811659917	1.1469221379491932	1.2707720335601256
38.39154539479177	1.1325954716088724	1.0549129272633813	1.1779293286878958	1.1519233488736702	1.1459856079174142	1.2687696025771749
38.55018814435703	1.1317410772444343	1.0544620739680457	1.177061280349735	1.1509460859087939	1.1450577548964678	1.2667889729591293
38.70883089392228	1.1308948457205206	1.0540167504466285	1.1761995672167316	1.1499779807002275	1.1441384762544633	1.2648298344087268
38.867473643487536	1.1300566742531433	1.0535768666362724	1.1753441274878675	1.1490189232871688	1.143227670796109	1.2628918822973847
39.026116393052796	1.129226461636687	1.053142334300238	1.1744949000888247	1.1480688052701635	1.1423252387399532	1.260974817065527
39.18475914261805	1.128404108215971	1.0527130669836504	1.173651824662941	1.1471275198041138	1.141431081696024	1.2590783445123466
39.3434018921833	1.12758951585886	1.0522889799704953	1.1728148415622552	1.1461949615499694	1.1405451026438629	1.2572021751963098
39.50204464174856	1.12678258792941	1.0518699902418172	1.1719838918386416	1.1452710266893125	1.139667205910941	1.2553460251697712
39.660687391313814	1.1259832292615388	1.0514560164350872	1.1711589172350338	1.1443556128454317	1.138797297151452	1.2535096147126428
39.81933014087907	1.1251913461332097	1.0510469788047019	1.1703398601767387	1.143448619119469	1.1379352833254763	1.2516926695118569
39.97797289044433	1.1244068462411192	1.0506427991835752	1.1695266637628428	1.1425499460155981	1.1370810726785054	1.2498949194693212
40.13661564000958	1.1236296386758746	1.050243400945792	1.168719271757707	1.1416594954569879	1.1362345747213232	1.2481160994368796
40.29525838957483	1.122859633897656	1.049848708970287	1.1679176285825548	1.1407771707219985	1.1353957002102346	1.2463559482467748
40.45390113914009	1.122096743712348	1.0494586496055203	1.1671216793071502	1.139902876471267	1.1345643611276375	1.2446142096691142
40.612543888705346	1.1213408812481354	1.0490731506351143	1.1663313696415678	1.1390365186879858	1.1337404706629286	1.2428906315166133
40.7711866382706	1.1205919609325485	1.0486921412444268	1.1655466459280555	1.1381780046742394	1.1329239431937381	1.2411849659352148
40.92982938783586	1.1198498984699543	1.0483155519880265	1.1647674551329859	1.1373272430162449	1.1321146942674893	1.2394969690277833
41.08847213740111	1.119114610819479	1.0479433147580475	1.1639937448389017	1.1364841435812967	1.1313126405832712	1.2378264011448872
41.247114886966365	1.1183860161733554	1.0475753627533932	1.1632254632366505	1.135648617494057	1.1305176999740252	1.2361730267309894
41.405757636531625	1.1176640339356878	1.0472116304497638	1.1624625591176119	1.1348205770921418	1.1297297913890336	1.234536613726043
41.56440038609688	1.1169485847016227	1.0468520535704828	1.1617049818660141	1.1339999359588795	1.1289488348767092	1.2329169345976339
41.72304313566213	1.1162395902369173	1.0464965690580992	1.1609526814513424	1.133186608837469	1.1281747515676763	1.2313137648533856
41.88168588522739	1.1155369734579006	1.0461451150467402	1.160205608420836	1.13238051164678	1.127407463658142	1.229726883702695
42.040328634792644	1.1148406584118158	1.0457976308351926	1.1594637138920765	1.1315815615045006	1.1266468943935473	1.2281560748667684
42.1989713843579	1.1141505702575365	1.0454540568606905	1.158726949545664	1.1307896766069643	1.1258929680524974	1.2266011243501298
42.35761413392316	1.1134666352466513	1.0451143346733902	1.1579952676179832	1.130004776326333	1.1251456099309627	1.2250618228071644
42.51625688348841	1.1127887807049064	1.0447784069115091	1.1572686208940575	1.129226781083848	1.1244047463267481	1.2235379631655472
42.67489963305366	1.1121169350140003	1.0444462172771098	1.156546962700491	1.1284556124405838	1.123670304524223	1.2220293428447078
42.83354238261892	1.1114510275937233	1.0441177105125121	1.1558302468984976	1.1276911929921476	1.1229422127793094	1.220535761824077
42.992185132184176	1.1107909888844343	1.0437928323773116	1.155118427877018	1.126933446396822	1.1222204003047223	1.2190570235276714
43.15082788174943	1.110136750329868	1.0434715296259882	1.1544114605459204	1.1261822973267706	1.1215047972554575	1.2175929340782754
43.30947063131469	1.1094882443602672	1.0431537499860903	1.15370930032929	1.125437671517776	1.1207953347145234	1.2161433036268383
43.46811338087994	1.1088454043758305	1.0428394421369704	1.1530119031588015	1.1246994956787457	1.1200919446789108	1.2147079447174467
43.626756130445195	1.1082081647304718	1.0425285556890656	1.152319225467175	1.1239676974926884	1.1193945600457977	1.213286672579282
43.785398880010455	1.1075764607158842	1.0422210411636987	1.151631224181718	1.1232422056601563	1.1187031145989839	1.2118793063079916
43.94404162957571	1.1069502285459023	1.0419168499733917	1.150947856717948	1.1225229498022633	1.1180175429955517	1.210485667082637
44.10268437914096	1.1063294053411554	1.041615934402671	1.1502690809732994	1.1218098604904598	1.1173377807527487	1.2091055790507426
44.26132712870622	1.1057139291140081	1.0413182475893552	1.1495948553209092	1.1211028692413898	1.116663764235088	1.2077388694722904
44.41996987827147	1.1051037387537819	1.04102374350631	1.1489251386034862	1.120401908476735	1.115995430641663	1.2063853681226506
44.578612627836726	1.1044987740122494	1.040732376943655	1.1482598901272583	1.1197069115043499	1.1153327179936707	1.2050449071402498
44.737255377401986	1.1038989754893993	1.040444103491411	1.1475990696559997	1.1190178125207189	1.1146755651221425	1.203717321318973
44.89589812696724	1.1033042846194656	1.0401588795225787	1.1469426374051364	1.1183345466489063	1.1140239116558779	1.2024024491417473
45.05454087653249	1.1027146436572128	1.0398766621766302	1.14629055403593	1.11765704979336	1.1133776980095755	1.2011001299603485
45.21318362609775	1.1021299956644774	1.0395974093434073	1.145642780649737	1.1169852587486973	1.112736865372161	1.1998102065113478
45.371826375663005	1.101550284496955	1.0393210796474113	1.1449992787823455	1.1163191111394788	1.1121013556953048	1.1985325238747275
45.53046912522826	1.1009754547912314	1.0390476324324762	1.144360010398387	1.1156585454094976	1.1114711116821305	1.1972669294701261
45.68911187479351	1.100405451952053	1.038777027746815	1.143724937885822	1.115003500797118	1.1108460767761068	1.1960132727566886
45.84775462435877	1.099840222139829	1.0385092263284241	1.1430940240504999	1.1143539173672858	1.1102261951501213	1.194771406118769
46.006397373924024	1.0992797122583629	1.0382441895908425	1.1424672321107916	1.1137097359448338	1.109611411695733	1.1935411836765444
46.16504012348928	1.0987238699428088	1.0379818796092515	1.1418445256922942	1.1130708981397666	1.1090016720126	1.1923224620235995
46.32368287305454	1.0981726435478476	1.0377222591069057	1.141225868822607	1.112437346309112	1.108396922398079	1.1911150996305448
46.48232562261979	1.0976259821360768	1.0374652914418914	1.140611225926178	1.1118090235896432	1.1077971098369954	1.1899189577309317
46.64096837218504	1.0970838354666137	1.0372109405941938	1.1400005618192202	1.1111858738105134	1.1072021819915772	1.1887338986874008
46.7996111217503	1.0965461539839043	1.036959171153077	1.1393938417046958	1.1105678415616553	1.1066120871915532	1.1875597876188215
46.958253871315556	1.0960128888067344	1.0367099483047562	1.13879103116737	1.1099548721491712	1.1060267744244134	1.186396491655889
47.11689662088081	1.095483991717441	1.036463237820363	1.1381920961689298	1.1093469115933066	1.1054461933258226	1.1852438800861151
47.27553937044607	1.0949594151513176	1.0362190060441931	1.1375970030431726	1.1087439065769866	1.1048702941701931	1.1841018234612997
47.43418212001132	1.09443911218621	1.035977219882226	1.1370057184912559	1.1081458044936514	1.104299027861407	1.182970194780188
47.592824869576575	1.0939230365323005	1.0357378467909142	1.1364182095770161	1.107552553403164	1.1037323459236883	1.181848868744261
47.751467619141835	1.0934111425220747	1.035500854766232	1.135834443722348	1.1069641020374392	1.1031702004926212	1.1807377220511397
47.91011036870709	1.0929033851004692	1.0352662123329788	1.1352543887026498	1.1063803997636739	1.1026125443063144	1.17963663279869
48.06875311827234	1.092399719815194	1.0350338885343258	1.1346780126423293	1.1058013966257139	1.1020593306967048	1.1785454815196408
48.2273958678376	1.0919001028072293	1.0348038529216061	1.1341052840103711	1.105227043300468	1.101510513581002	1.1774641504375525
48.38603861740285	1.0914044908014915	1.034576075544338	1.1335361716159664	1.1046572910614907	1.1009660474532685	1.1763925228710534
48.544681366968106	1.0909128410976654	1.0343505269404754	1.1329706446042018	1.104092091820762	1.1004258873761352	1.1753304842685888
48.703324116533366	1.0904251115611985	1.034127178126879	1.1324086724518068	1.103531398106748	1.0998899889726477	1.1742779219091908
48.86196686609862	1.0899412606144567	1.0339060005900076	1.1318502249629603	1.1029751630070317	1.099358308418244	1.1732347238621672
49.02060961566387	1.089461247228035	1.0336869662768144	1.131295272265156	1.1024233402531323	1.098830802432858	1.1722007809113228
49.17925236522913	1.0889850309122229	1.0334700475858538	1.130743784805122	1.1018758841634082	1.0983074282731498	1.1711759855147297
49.337895114794385	1.0885125717086204	1.0332552173585838	1.1301957333448003	1.1013327495646639	1.0977881437248582	1.1701602303198615
49.49653786435964	1.088043830181901	1.0330424488708656	1.1296510889573779	1.1007938918986984	1.0972729070952751	1.1691534105326082
49.6551806139249	1.0875787674117203	1.0328317158246523	1.1291098230233745	1.10025926717262	1.0967616772058366	1.1681554230253874
49.81382336349015	1.0871173449847662	1.0326229923398615	1.1285719072267855	1.0997288319092053	1.0962544133848346	1.1671661654452934
49.972466113055404	1.0866595249869482	1.0324162529464311	1.1280373135512753	1.0992025431542511	1.0957510754602404	1.1661855365080802
50.131108862620664	1.0862052699957245	1.0322114725765463	1.127506014276426	1.0986803585837386	1.095251623752642	1.1652134383673254
50.28975161218592	1.0857545430725615	1.0320086265570425	1.1269779819740346	1.098162236326394	1.094756019068293	1.1642497730546466
50.44839436175117	1.085307307755526	1.0318076906019715	1.1264531895044654	1.097648135014061	1.0942642226922699	1.1632944436631416
50.60703711131643	1.0848635280520051	1.031608640805333	1.1259316100130494	1.097138013803756	1.0937761963817365	1.162347354937962
50.76567986088168	1.0844231684315542	1.0314114536339636	1.1254132169265347	1.0966318323998672	1.0932919023593155	1.1614084138669245
50.924322610446936	1.0839861938188666	1.0312161059205802	1.1248979839495863	1.0961295509766884	1.0928113033065605	1.1604775281960107
51.082965360012196	1.0835525695868675	1.0310225748569755	1.1243858850613333	1.0956311301722543	1.0923343623575323	1.1595546064271451
51.24160810957745	1.0831222615499252	1.0308308379873605	1.1238768945119648	1.0951365311250643	1.0918610430924753	1.1586395587053557
51.4002508591427	1.0826952359571798	1.0306408732018497	1.1233709868193713	1.0946457154824276	1.0913913095315906	1.1577322971130664
51.55889360870796	1.082271459485988	1.0304526587300866	1.1228681367658349	1.0941586452947472	1.0909251261289075	1.1568327335928297
51.717536358273215	1.081850899235478	1.030266173135007	1.1223683193947618	1.0936752831524266	1.0904624577662494	1.1559407829097255
51.87617910783847	1.0814335227202179	1.0300813953067336	1.1218715100074632	1.0931955920375058	1.0900032697472932	1.1550563596848076
52.03482185740373	1.0810192978639899	1.029898304456603	1.1213776841599785	1.0927195353894037	1.089547527791721	1.1541793798753188
52.19346460696898	1.0806081929936726	1.0297168801113172	1.120886817659943	1.092247077127993	1.0890951980294619	1.153309761365588
52.35210735653423	1.0802001768332263	1.0295371021072204	1.1203988865634984	1.091778181576789	1.088646246995022	1.1524474224828116
52.51075010609949	1.0797952184977821	1.0293589505846963	1.1199138671722464	1.0913128134861543	1.0882006416219037	1.1515922825880107
52.669392855664746	1.07939328748783	1.0291824059826835	1.1194317360302442	1.0908509380852178	1.0877583492371086	1.1507442632599116
52.82803560523	1.0789943536835067	1.029007449033305	1.1189524699210402	1.0903925209623828	1.087319337555726	1.1499032859214682
52.98667835479526	1.0785983873389797	1.028834060756612	1.1184760458647522	1.0899375280887702	1.0868835746756051	1.1490692724309004
53.14532110436051	1.0782053590769256	1.0286622224554347	1.1180024411151848	1.0894859259704957	1.0864510290721077	1.1482421483408054
53.303963853925765	1.077815239883103	1.0284919157103427	1.1175316331569851	1.0890376814006653	1.0860216695929408	1.1474218378567154
53.462606603491025	1.0774280011010153	1.0283231223747085	1.1170635997028413	1.0885927616404036	1.0855954654530702	1.1466082676891605
53.62124935305628	1.0770436144266646	1.028155824569873	1.1165983186907154	1.088151134242395	1.08517238622971	1.1458013634945263
53.77989210262153	1.0766620519033916	1.0279900046804118	1.1161357682811157	1.0877127672321472	1.0847524018573884	1.1450010537271667
53.93853485218679	1.0762832859168046	1.0278256453494974	1.1156759268544079	1.0872776290175297	1.0843354826230902	1.144207267859007
54.097177601752044	1.0759072891897903	1.027662729474357	1.1152187730081602	1.0868456883125954	1.083921599161471	1.143419934895623
54.2558203513173	1.0755340347776106	1.0275012402018235	1.114764285554528	1.086416914276232	1.0835107224501457	1.1426389863390802
54.41446310088256	1.0751634960630785	1.0273411609239769	1.1143124435176701	1.0859912763788593	1.0831028238050469	1.1418643535182622
54.57310585044781	1.0747956467518165	1.0271824752738736	1.1138632261312056	1.085568744455319	1.082697874875856	1.1410959687730655
54.73174860001306	1.0744304608675916	1.0270251671213635	1.1134166128357001	1.0851492887292316	1.0822958476414997	1.1403337660457145
54.89039134957832	1.0740679127477293	1.0268692205689895	1.11297258327619	1.08473287976578	1.0818967144057183	1.1395776799898574
55.049034099143576	1.0737079770386015	1.0267146199479729	1.1125311172997392	1.0843194884245089	1.0815004477926977	1.1388276450796826
55.20767684870883	1.0733506286911911	1.026561349814275	1.1120921949530274	1.0839090859698763	1.0811070207427687	1.1380835979799997
55.36631959827409	1.0729958429567272	1.0264093949447421	1.1116557964799745	1.0835016439238292	1.080716406508171	1.1373454745802545
55.52496234783934	1.0726435953823945	1.0262587403333245	1.111221902319395	1.0830971342912599	1.08032857864888	1.136613214736248
55.683605097404595	1.0722938618071103	1.0261093711873712	1.110790493102684	1.0826955291975078	1.0799435110284967	1.1358867548574576
55.842247846969855	1.0719466183573734	1.0259612729239989	1.1103615496515362	1.082296801243055	1.0795611778101986	1.1351660353168385
56.00089059653511	1.071601841443179	1.025814431166533	1.1099350529756944	1.081900923284547	1.0791815534527514	1.134450996002679
56.15953334610036	1.0712595077540013	1.0256688317410174	1.1095109842707287	1.0815078685027495	1.0788046127065805	1.133741577799459
56.31817609566561	1.0709195942548397	1.0255244606727956	1.1090893249158467	1.0811176103844913	1.078430330609901	1.1330377222900354
56.47681884523087	1.0705820781823323	1.0253813041831552	1.1086700564717311	1.0807301227046433	1.078058682484904	1.132339371457843
56.635461594796126	1.0702469370409293	1.0252393486860425	1.1082531606784092	1.0803453796517752	1.0776896439340018	1.1316464703536104
56.79410434436138	1.0699141485991306	1.025098580784837	1.1078386194531489	1.0799633555086563	1.077323190836126	1.1309589605721693
56.95274709392664	1.0695836908857828	1.0249589872691918	1.1074264148883834	1.0795840249934232	1.076959299343084	1.1302767873659432
57.11138984349189	1.0692555421864363	1.0248205551119338	1.1070165292496654	1.0792073630838106	1.0765979458759662	1.1295998960862856
57.270032593057145	1.0689296810397617	1.0246832714660243	1.1066089449736458	1.0788333450999708	1.076239107121607	1.128928233960922
57.428675342622405	1.068606086234023	1.0245471236615786	1.1062036446660823	1.0784619465142946	1.0758827600291003	1.1282617462388729
57.58731809218766	1.0682847368036072	1.0244120992029417	1.1058006110998737	1.078093143149299	1.0755288818063626	1.1276003803395251
57.74596084175291	1.0679656120256111	1.024278185765822	1.1053998272131191	1.0777269111025434	1.0751774499167501	1.1269440843691847
57.90460359131817	1.0676486914164796	1.0241453711944788	1.1050012761072054	1.0773632267721915	1.0748284420757233	1.1262928077127905
58.063246340883424	1.0673339547287002	1.0240136434989633	1.1046049410449181	1.0770020667388056	1.0744818362475612	1.1256464986611536
58.22188909044868	1.0670213819475498	1.0238829908524125	1.1042108054485789	1.0766434079348186	1.074137610642124	1.125005107967197
58.38053184001394	1.066710953287892	1.0237534015883953	1.1038188528982074	1.076287227440089	1.0737957437116628	1.1243685846945322
58.53917458957919	1.0664026491910261	1.023624864198307	1.103429067129707	1.0759335027666357	1.0734562141476753	1.123736882145324
58.69781733914444	1.066096450321585	1.0234973673288146	1.1030414320330744	1.0755822115391254	1.073119000877809	1.1231099513373064
58.8564600887097	1.065792337564484	1.0233708997793496	1.1026559316506352	1.0752333316645935	1.0727840830628077	1.1224877445600852
59.015102838274956	1.0654902920219156	1.0232454504996482	1.1022725501753001	1.0748868412431858	1.0724514400935032	1.1218702135953706
59.17374558784021	1.0651902950103926	1.0231210085873372	1.1018912719488445	1.0745427187668928	1.0721210515878514	1.1212573138662092
59.33238833740547	1.0648923280578377	1.0229975632855648	1.1015120814602126	1.0742009428287846	1.0717928973880102	1.1206489985069585
59.49103108697072	1.0645963729007182	1.0228751039806772	1.1011349633438425	1.0738614923218222	1.0714669575574598	1.120045222512547
59.649673836535975	1.0643024114812265	1.0227536201999352	1.1007599023780137	1.0735243463497335	1.071143212378166	1.119445940958767
59.808316586101235	1.0640104259445033	1.0226331016092771	1.100386883483215	1.073189484281948	1.0708216423477825	1.1188511101870717
59.96695933566649	1.063720398635905	1.0225135380111197	1.1000158917205365	1.0728568856068552	1.0705022281768959	1.118260684839099
60.12560208523174	1.0634323120983133	1.022394919342201	1.0996469122900803	1.0725265301885725	1.0701849507863068	1.117674623191784
60.284244834797	1.0631461490694867	1.022277235671464	1.0992799305293932	1.0721983980626542	1.0698697913043547	1.1170928830061146
60.44288758436225	1.0628618924794533	1.022160477197976	1.0989149319119196	1.071872469404681	1.0695567310642775	1.1165154209332873
60.601530333927506	1.0625795254479429	1.0220446342488896	1.0985519020454735	1.0715487246719098	1.0692457516016098	1.1159421954782676
60.76017308349277	1.0622990312818597	1.0219296972774383	1.0981908266707328	1.0712271445720143	1.0689368346516206	1.1153731664059736
60.91881583305802	1.062020393472794	1.02181565686097	1.0978316916597513	1.070907709974132	1.0686299621467834	1.1148082929616756
61.07745858262327	1.0617435956945722	1.0217025036990162	1.0974744830144898	1.0705904019352892	1.0683251162142873	1.1142475344629998
61.23610133218853	1.061468621800842	1.0215902286113938	1.0971191868653682	1.0702752017846002	1.0680222791735794	1.1136908520777438
61.394744081753785	1.0611954558226997	1.0214788225363458	1.0967657894698342	1.069962090976679	1.0677214335339449	1.1131382058585146
61.55338683131904	1.0609240819663484	1.0213682765287107	1.0964142772109515	1.0696510512047537	1.0674225619921205	1.112589557113467
61.7120295808843	1.0606544846107948	1.0212585817581272	1.096064636596007	1.0693420644273037	1.0671256474299418	1.112044868998355
61.87067233044955	1.060386648305581	1.021149729507272	1.0957168542551337	1.0690351126348836	1.0668306729120234	1.111504101772513
62.029315080014804	1.0601205577685506	1.021041711170126	1.0953709169399541	1.0687301781077163	1.0665376216834739	1.1109672181341175
62.187957829580064	1.0598561978836472	1.0209345182502747	1.095026811522239	1.0684272434135922	1.0662464771676405	1.1104341832193778
62.34660057914532	1.0595935536987484	1.0208281423592367	1.0946845249925845	1.068126291145825	1.0659572229638878	1.1099049592656496
62.50524332871057	1.0593326104235314	1.0207225752148226	1.094344044459105	1.0678273040943738	1.065669842845406	1.1093795091680376
62.66388607827583	1.059073353427371	1.0206178086395234	1.0940053571461446	1.067530265388244	1.0653843207570508	1.1088577994431086
62.82252882784108	1.0588157682372699	1.0205138345589257	1.0936684503930028	1.0672351582045652	1.0651006408132144	1.10833979429914
62.981171577406336	1.0585598405358174	1.020410645000157	1.0933333116526789	1.066941965853192	1.0648187872957253	1.1078254574140587
63.139814326971596	1.0583055561591836	1.0203082320903567	1.0929999284906295	1.0666506720059181	1.0645387446517776	1.107314756677881
63.29845707653685	1.058052901095139	1.0202065880551745	1.092668288583545	1.0663612602899144	1.0642604974918888	1.106807655891398
63.4570998261021	1.0578018614811056	1.020105705217295	1.0923383797181387	1.0660737146615131	1.063984030587889	1.106304122473129
63.61574257566736	1.0575524236022378	1.020005575994988	1.0920101897899537	1.0657880192308997	1.0637093288709336	1.1058041239012133
63.774385325232615	1.0573045738895306	1.0199061929006836	1.0916837068021825	1.0655041582313047	1.0634363774295479	1.1053076271198057
63.93302807479787	1.057058298917956	1.019807548539573	1.091358918864504	1.0652221160171158	1.0631651615076954	1.1048145985383777
64.09167082436312	1.0568135854046283	1.019709635608232	1.0910358141919332	1.0649418772355794	1.0628956665028764	1.1043250075884201
64.25031357392838	1.0565704202069945	1.0196124468932706	1.0907143811036866	1.0646634265936357	1.0626278779642502	1.1038388219795767
64.40895632349364	1.0563287903210536	1.0195159752700027	1.0903946080220606	1.0643867489718069	1.0623617815907835	1.1033560100705686
64.56759907305889	1.056088682879601	1.0194202137011414	1.0900764834713264	1.0641118294513885	1.0620973632294275	1.1028765414614303
64.72624182262415	1.0558500851504977	1.0193251552355154	1.0897599960766353	1.063838653196981	1.0618346088733153	1.1024003846212658
64.8848845721894	1.0556129845349678	1.0192307930068072	1.089445134562941	1.0635672055126257	1.0615735046599883	1.1019275080733997
65.04352732175465	1.055377368565918	1.0191371202323136	1.0891318877539329	1.063297472100637	1.0613140368696452	1.1014578857308304
65.20217007131991	1.0551432249062838	1.0190441302117268	1.0888202445709847	1.063029438538975	1.0610561919234152	1.1009914862234307
65.36081282088517	1.0549105413473985	1.0189518163259355	1.088510194032114	1.0627630905400283	1.0607999563816546	1.1005282782334165
65.51945557045042	1.054679305807386	1.0188601720358479	1.0882017252509575	1.0624984141516949	1.0605453169422678	1.1000682346450255
65.67809832001568	1.054449506329579	1.018769190881233	1.0878948274357558	1.0622353954662898	1.0602922604390508	1.0996113266149308
65.83674106958094	1.0542211310809566	1.0186788664795827	1.0875894898883538	1.061974020821659	1.0600407738400566	1.0991575277219368
65.99538381914618	1.0539941683506084	1.0185891925249917	1.0872857020032105	1.0617142764810492	1.0597908442459836	1.0987068074445105
66.15402656871144	1.0537686065482181	1.0185001627870571	1.0869834532664242	1.0614561489501306	1.0595424588885864	1.098259137682086
66.3126693182767	1.053544434202569	1.0184117711097969	1.0866827332547675	1.0611996250334923	1.0592956051291076	1.0978144939402903
66.47131206784195	1.0533216399600744	1.0183240114105845	1.0863835316347343	1.0609446914565432	1.0590502704567306	1.0973728476227014
66.62995481740721	1.0531002125833238	1.0182368776791033	1.0860858381615999	1.0606913350957614	1.0588064424870538	1.0969341707734797
66.78859756697247	1.0528801409496547	1.0181503639763176	1.0857896426784908	1.06043954306421	1.0585641089605866	1.096498437855515
66.94724031653772	1.0526614140497421	1.0180644644334598	1.0854949351154684	1.0601893026232003	1.0583232577412633	1.09606562397119
67.10588306610298	1.0524440209862098	1.0179791732510353	1.0852017054886203	1.0599406010359436	1.0580838768149792	1.0956357018973542
67.26452581566824	1.0522279509722599	1.0178944846978444	1.084909943899167	1.0596934257980315	1.0578459542881453	1.0952086468279842
67.42316856523348	1.0520131933303232	1.0178103931100184	1.0846196405325754	1.0594477644621467	1.0576094783862635	1.0947844328162732
67.58181131479874	1.051799737490728	1.0177268928900738	1.0843307856576865	1.0592036047526636	1.0573744374525196	1.094363035145711
67.740454064364	1.0515875729903887	1.017643978505979	1.084043369625851	1.0589609344483324	1.0571408199463959	1.0939444279579826
67.89909681392925	1.0513766894715115	1.0175616444902402	1.0837573828700773	1.0587197415549519	1.0569086144423034	1.0935285878098608
68.05773956349451	1.0511670766803196	1.0174798854389986	1.0834728159041889	1.058480014130075	1.0566778096282303	1.0931154901153202
68.21638231305977	1.0509587244657963	1.0173986960111434	1.0831896593219925	1.05824174051378	1.05644839430441	1.0927051138882367
68.37502506262501	1.0507516227784452	1.0173180709274412	1.0829079037964553	1.0580049087472079	1.0562203573820068	1.0922974298839414
68.53366781219027	1.0505457616690683	1.0172380049696759	1.0826275400788932	1.0577695074996367	1.0559936878818184	1.091892419571491
68.69231056175553	1.0503411312875606	1.0171584929798052	1.0823485589981678	1.0575355250808418	1.0557683749329962	1.091490054974656
68.85095331132078	1.0501377218817234	1.0170795298591306	1.0820709514598947	1.0573029504844507	1.055544407771783	1.0910903200158
69.00959606088604	1.0499355237960912	1.017001110567478	1.081794708445659	1.0570717721099074	1.055321775740266	1.0906931844278926
69.1682388104513	1.0497345274707781	1.0169232301223956	1.0815198210122423	1.0568419790381833	1.0551004682851488	1.0902986298415893
69.32688156001655	1.0495347234403378	1.016845883598361	1.0812462802908576	1.0566135602760802	1.0548804749565366	1.089906634369427
69.4855243095818	1.0493361023326406	1.016769066126003	1.0809740774863936	1.056386504929189	1.0546617854067397	1.0895171761627762
69.64416705914707	1.0491386548677668	1.0166927728913346	1.0807032038766688	1.056160802026526	1.054444389389093	1.0891302298540164
69.80280980871231	1.0489423718569126	1.016616999135	1.0804336508116934	1.055936441100113	1.054228276756788	1.0887457784140753
69.96145255827757	1.0487472442013148	1.0165417401515313	1.0801654097129405	1.055713411428957	1.0540134374617254	1.0883637977366487
70.12009530784283	1.0485532628911878	1.0164669912886177	1.0798984720726261	1.0554917025605985	1.0537998615533766	1.087984267309954
70.27873805740808	1.0483604190046747	1.016392747946388	1.0796328294529973	1.0552713043101074	1.0535875391776655	1.087607170216318
70.43738080697334	1.0481687037068168	1.0163190055767009	1.079368473485629	1.0550522061199852	1.053376460575861	1.087232480088005
70.5960235565386	1.0479781082485315	1.0162457596824503	1.0791053958707286	1.054834397872381	1.053166616083488	1.0868601777079718
70.75466630610384	1.0477886239656093	1.0161730058168787	1.0788435883764502	1.054617869481429	1.0529579961292481	1.0864902427088918
70.9133090556691	1.047600242277721	1.0161007395829023	1.0785830428382146	1.0544026111827787	1.0527505912339572	1.0861226595017477
71.07195180523436	1.0474129546874411	1.0160289566324463	1.0783237511580401	1.0541886128933382	1.0525443920094972	1.0857574042316815
71.23059455479961	1.0472267527792818	1.0159576526657923	1.078065705303878	1.0539758649076196	1.0523393891577797	1.085394459007173
71.38923730436487	1.0470416282187425	1.0158868234309324	1.0778088973089588	1.0537643574899518	1.0521355734697242	1.0850338035990854
71.54788005393011	1.0468575727513707	1.015816464722937	1.077553319271144	1.0535540809897264	1.051932935824249	1.0846754178118876
71.70652280349537	1.0466745782018365	1.0157465723833297	1.0772989633522863	1.0533450260730075	1.051731467187276	1.0843192862264726
71.86516555306063	1.046492636473019	1.015677142299473	1.077045821777598	1.0531371830820528	1.051531158610747	1.0839653851560302
72.02380830262588	1.0463117395451056	1.015608170403964	1.0767938868350246	1.0529305430228029	1.051332001231655	1.0836137028042352
72.18245105219114	1.0461318794747019	1.015539652674037	1.076543150874628	1.0527250963428785	1.0511339862710845	1.083264214363159
72.3410938017564	1.0459530483939568	1.0154715851309792	1.0762936063079753	1.0525208339773349	1.0509371050332679	1.082916903357264
72.49973655132165	1.0457752385096948	1.0154039638395513	1.0760452456075356	1.052317746940751	1.0507413489046513	1.0825717533424795
72.6583793008869	1.0455984421025646	1.0153367849074195	1.0757980613060831	1.0521158262099926	1.050546709352974	1.0822287455342683
72.81702205045217	1.0454226515261948	1.0152700444845952	1.0755520459961077	1.0519150628396396	1.0503531779263577	1.081887861178883
72.97566480001741	1.0452478592063652	1.0152037387628832	1.075307192329231	1.0517154481356652	1.050160746252411	1.081549085110424
73.13430754958267	1.0450740576401845	1.0151378639753388	1.075063493015632	1.0515169733055252	1.0499694060373412	1.0812123986357312
73.29295029914793	1.0449012393952826	1.0150724163957328	1.0748209408234755	1.0513196297482	1.04977914906508	1.0808777854630418
73.45159304871318	1.044729397109012	1.0150073923380238	1.0745795285783504	1.0511234090534072	1.0495899671964193	1.0805452317016722
73.61023579827844	1.0445585234876602	1.0149427881558406	1.0743392491627122	1.0509283023023974	1.0494018523681592	1.080214711632139
73.7688785478437	1.0443886113056715	1.0148786002419692	1.0741000955153333	1.0507343014638677	1.0492147965922651	1.079886216164969
73.92752129740894	1.0442196534048813	1.014814825027851	1.073862060630758	1.0505413982292577	1.0490287919550365	1.0795597291244554
74.0861640469742	1.0440516426937576	1.0147514589830853	1.0736251375587664	1.0503495841282406	1.0488438306162868	1.0792352296199474
74.24480679653946	1.0438845721466545	1.014688498614942	1.073389319403841	1.0501588512265032	1.048659904808532	1.0789127062751087
74.40344954610471	1.043718434803076	1.0146259404678797	1.073154599324642	1.0499691912517684	1.0484770068361915	1.07859213944067
74.56209229566997	1.0435532237669456	1.0145637811230708	1.0729209705334868	1.0497805962334037	1.0482951290747968	1.0782735142378979
74.72073504523523	1.0433889322058918	1.0145020171979362	1.0726884262958367	1.0495930583852886	1.0481142639702126	1.0779568181867136
74.87937779480048	1.0432255533505361	1.0144406453456831	1.0724569599297895	1.049406569697435	1.047934404037865	1.0776420329048269
75.03802054436574	1.0430630804937957	1.0143796622548533	1.0722265648055755	1.049221122284605	1.047755541861983	1.0773291412222339
75.196663293931	1.0429015069901912	1.0143190646488753	1.0719972343450626	1.0490367086185983	1.0475776700948447	1.077018131924125
75.35530604349624	1.042740826255167	1.0142588492856248	1.0717689620212634	1.0488533209451174	1.0474007814560378	1.0767089878926401
75.5139487930615	1.0425810317644169	1.014199012956991	1.0715417413578516	1.048670951807262	1.0472248687317256	1.0764016967787673
75.67259154262676	1.0424221170532213	1.0141395524884491	1.0713155659286806	1.0484895935205636	1.0470499247739251	1.0760962403299013
75.83123429219201	1.042264075715791	1.014080464738639	1.071090429357309	1.048309238754843	1.046875942499791	1.0757926062475454
75.98987704175727	1.042106901404621	1.0140217465989507	1.070866325316531	1.0481298800092045	1.0467029148909122	1.0754907775148768
76.14851979132253	1.0419505878298507	1.0139633949931164	1.0706432475279122	1.0479515103688446	1.0465308349926132	1.0751907478118448
76.30716254088777	1.0417951287586347	1.013905406876805	1.0704211897613316	1.0477741219310477	1.0463596959132677	1.074892489498401
76.46580529045303	1.041640518014519	1.013847779237228	1.0702001458345258	1.0475977080771883	1.0461894908236182	1.0745959998603192
76.6244480400183	1.0414867494768278	1.0137905090927462	1.0699801096126411	1.0474222616073317	1.0460202129561051	1.0743012631634483
76.78309078958354	1.0413338170800563	1.0137335934924845	1.0697610750077897	1.047247775205689	1.0458518556042042	1.0740082601398386
76.9417335391488	1.0411817148132714	1.0136770295159523	1.0695430359786102	1.0470742422560657	1.0456844121217719	1.0737169845886507
77.10037628871406	1.041030436719521	1.0136208142726677	1.0693259865298337	1.0469016555588635	1.045517875922398	1.073427417288386
77.2590190382793	1.04087997689525	1.0135649449017896	1.069109920711854	1.0467300083214035	1.045352240478769	1.0731395461551922
77.41766178784457	1.0407303294897237	1.0135094185717533	1.0688948326203032	1.0465592938659003	1.0451874993220347	1.0728533603136425
77.57630453740983	1.0405814887044593	1.0134542324799105	1.0686807163956318	1.0463895055122527	1.0450236460411875	1.0725688477249096
77.73494728697507	1.040433448792663	1.0133993838521775	1.068467566222693	1.0462206363441617	1.0448606742824458	1.0722859904433475
77.89359003654033	1.040286204058676	1.0133448699426852	1.0682553763303315	1.046052679791646	1.0446985777486464	1.072004776474231
78.05223278610559	1.0401397488574258	1.0132906880334367	1.0680441409909784	1.045885629397262	1.044537350198644	1.0717251950303441
78.21087553567084	1.0399940775938856	1.0132368354339665	1.0678338545202473	1.0457194788155522	1.0443769854467178	1.0714472365317562
78.3695182852361	1.0398491847225408	1.0131833094810088	1.0676245112765386	1.0455542213458358	1.0442174773619868	1.0711708831192295
78.52816103480136	1.0397050647468595	1.0131301075381667	1.067416105660645	1.0453898507482196	1.0440588198678296	1.0708961252551554
78.6868037843666	1.039561712218774	1.0130772269955879	1.067208632115363	1.0452263607181187	1.0439010069413128	1.0706229510511684
78.84544653393186	1.0394191217381634	1.0130246652696453	1.0670020851251087	1.0450637450023617	1.0437440326126275	1.0703513486395289
79.00408928349712	1.0392772879523484	1.0129724198026202	1.066796459215536	1.0449019973986458	1.0435878909645295	1.070081306172911
79.16273203306237	1.0391362055555875	1.012920488062392	1.0665917489531602	1.0447411114632472	1.0434325761317895	1.0698128058952143
79.32137478262763	1.0389958692885826	1.0128688675421316	1.0663879489449875	1.0445810812690206	1.0432780823006478	1.069545839556714
79.48001753219289	1.038856273937988	1.0128175557599977	1.066185053838144	1.0444219011132325	1.0431244037082756	1.0692804024848754
79.63866028175813	1.0387174143359295	1.0127665502588399	1.0659830583195133	1.04426356452493	1.0429715346422457	1.0690164734256111
79.7973030313234	1.0385792853595242	1.0127158486059036	1.0657819571153744	1.0441060660151769	1.0428194694400044	1.0687540501169819
79.95594578088865	1.0384418819304106	1.01266544839254	1.0655817449910463	1.043949399208986	1.0426682024883547	1.068493111343508
80.1145885304539	1.0383051990142826	1.0126153472339205	1.0653824167505346	1.0437935585957625	1.0425177282229432	1.0682336525098775
80.27323128001916	1.038169231620429	1.0125655427687543	1.0651839672361818	1.0436385382447484	1.042368041127753	1.0679756595532264
80.43187402958442	1.0380339748012788	1.0125160326590101	1.0649863913283235	1.0434843323882124	1.0422191357346036	1.0677191208009171
80.59051677914967	1.0378994236519534	1.0124668145896418	1.064789683944945	1.043330935771317	1.0420710066226564	1.0674640340851334
80.74915952871493	1.0377655733098223	1.0124178862683177	1.0645938400413448	1.043178342016903	1.0419236484179262	1.067210373540386
80.90780227828019	1.037632418954065	1.0123692454251538	1.064398854609799	1.043026546193928	1.041777055792798	1.0669581417783867
81.06644502784543	1.037499955805239	1.0123208898124507	1.064204722679231	1.0428755423648028	1.04163122346555	1.0667073200844062
81.22508777741069	1.0373681791248506	1.0122728172044333	1.0640114393148836	1.042725325219802	1.041486146199883	1.0664579016194033
81.38373052697595	1.0372370842149357	1.0122250253969953	1.0638189996179959	1.0425758892591457	1.041341818804453	1.0662098748186946
81.5423732765412	1.037106666417639	1.0121775122074463	1.0636273987254818	1.0424272291429226	1.0411982361324124	1.0659632305065616
81.70101602610646	1.0369769211148048	1.0121302754742625	1.0634366318096138	1.042279339340226	1.0410553930809539	1.065717954781297
81.85965877567172	1.0368478437275677	1.0120833130568412	1.0632466940777083	1.0421322149464367	1.040913284590862	1.065474045616189
82.01830152523696	1.0367194297159519	1.0120366228352575	1.063057580771816	1.0419858502809578	1.0407719056460676	1.0652314844002329
82.17694427480222	1.0365916745784725	1.0119902027100263	1.0628692871684131	1.0418402404054796	1.04063125127321	1.064990266768677
82.33558702436748	1.036464573851743	1.011944050601865	1.0626818085780996	1.0416953799552893	1.040491316541203	1.064750378886926
82.49422977393273	1.0363381231100883	1.0118981644514617	1.0624951403452967	1.0415512638398443	1.0403520965608053	1.0645118116799377
82.65287252349799	1.0362123179651597	1.0118525422192444	1.062309277847949	1.04140788712557	1.0402135864841966	1.0642745584604698
82.81151527306325	1.0360871540655572	1.0118071818851557	1.062124216497231	1.0412652446848834	1.04007578150456	1.0640386078141395
82.9701580226285	1.035962627096455	1.0117620814484278	1.0619399517372548	1.0411233317800983	1.0399386768556678	1.0638039554572345
83.12880077219376	1.035838732779231	1.0117172389273628	1.0617564790447815	1.0409821427774328	1.039802267811471	1.063570578149029
83.28744352175902	1.0357154668711026	1.011672652359115	1.0615737939289365	1.0408416736010018	1.0396665496856963	1.0633384834950934
83.44608627132426	1.0355928251647635	1.0116283197994753	1.0613918919309255	1.0407019188104947	1.0395315178314462	1.063107650657305
83.60472902088952	1.035470803488029	1.0115842393226604	1.061210768623756	1.0405628733539132	1.0393971676408036	1.0628780659276005
83.76337177045478	1.0353493977034813	1.0115404090211022	1.0610304196119604	1.0404245332687405	1.0392634945444421	1.0626497369573877
83.92201452002003	1.0352286037081229	1.0114968270052431	1.0608508405313215	1.0402868933435745	1.0391304940112387	1.0624226453255297
84.08065726958529	1.0351084174330305	1.0114534914033313	1.060672027048602	1.0401499487542925	1.0389981615478936	1.0621967797405083
84.23930001915055	1.0349888348430154	1.0114104003612194	1.0604939748612758	1.0400136950637806	1.0388664926985531	1.06197213604028
84.3979427687158	1.0348698519362867	1.0113675520421677	1.060316679697263	1.0398781276370024	1.0387354830444357	1.0617487053341674
84.55658551828105	1.0347514647441192	1.011324944626647	1.0601401373146655	1.0397432418744592	1.038605128203465	1.0615264787459044
84.71522826784631	1.0346336693305243	1.0112825763121456	1.0599643435015096	1.0396090327440524	1.0384754238299043	1.0613054379271252
84.87387101741156	1.0345164617919256	1.0112404453129795	1.0597892940754854	1.0394754965348898	1.0383463656139977	1.0610855906311276
85.03251376697682	1.034399838256838	1.0111985498601035	1.0596149848836942	1.0393426282842049	1.0382179492816133	1.0608669185376818
85.19115651654208	1.0342837948855494	1.0111568882009256	1.0594414118023954	1.0392104236481015	1.0380901705938919	1.0606494151983912
85.34979926610733	1.0341683278698084	1.011115458599124	1.0592685707367562	1.0390788781995508	1.0379630253468988	1.060433071806999
85.50844201567259	1.0340534334325135	1.0110742593344662	1.059096457620606	1.0389479876619798	1.0378365093712796	1.0602178819424433
85.66708476523785	1.033939107827407	1.0110332887026297	1.0589250684161897	1.038817747441042	1.0377106185319216	1.0600038320823544
85.82572751480309	1.0338253473387717	1.0109925450150266	1.0587543991139272	1.038688153794087	1.0375853487276163	1.0597909253188602
85.98437026436835	1.033712148281132	1.0109520265986291	1.058584445732173	1.0385592018411416	1.0374606958907275	1.05957914104137
86.14301301393361	1.033599506998958	1.0109117317957985	1.058415204316978	1.038430887787301	1.0373366559868633	1.0593684799967256
86.30165576349886	1.0334874198663724	1.0108716589641145	1.0582466709418565	1.0383032074016005	1.0372132250145505	1.0591589334583615
86.46029851306412	1.0333758832868614	1.0108318064762085	1.0580788417075515	1.0381761563676213	1.0370903990049143	1.0589504903409626
86.61894126262938	1.0332648936929894	1.0107921727195983	1.057911712741806	1.0380497304001706	1.0369681740213599	1.058743139571935
86.77758401219462	1.0331544475461154	1.0107527560965255	1.0577452801991345	1.0379239258301007	1.0368465461592595	1.0585368819492553
86.93622676175988	1.0330445413361147	1.0107135550237931	1.0575795402605968	1.0377987383168241	1.0367255115456413	1.0583317040538214
87.09486951132514	1.0329351715811015	1.0106745679326083	1.0574144891335753	1.0376741637841274	1.0366050663388828	1.058127597222084
87.25351226089039	1.0328263348271562	1.0106357932684242	1.0572501230515539	1.0375501988880986	1.0364852067284072	1.0579245670323032
87.41215501045565	1.0327180276480563	1.010597229490785	1.057086438273898	1.0374268387931167	1.0363659289343834	1.057722588244158
87.57079776002091	1.032610246645008	1.0105588750731735	1.0569234310856397	1.0373040799804583	1.0362472292074298	1.0575216617168761
87.72944050958615	1.0325029884463826	1.0105207285028601	1.0567610977972601	1.0371819187265658	1.0361291038283196	1.0573217835784052
87.88808325915141	1.0323962497074564	1.010482788280753	1.0565994347444803	1.0370603507515184	1.0360115491076924	1.057122938110522
88.04672600871667	1.032290027110152	1.0104450529212514	1.0564384382880474	1.036939372506379	1.0358945613857655	1.0569251238362498
88.20536875828192	1.0321843173627827	1.0104075209520995	1.0562781048135295	1.0368189802364864	1.0357781370320522	1.056728334547002
88.36401150784718	1.0320791171998014	1.0103701909142442	1.056118430731107	1.036699170098208	1.0356622724450792	1.0565325616740675
88.52265425741244	1.03197442338155	1.0103330613616917	1.0559594124753695	1.0365799380415561	1.0355469640521107	1.0563377919169108
88.68129700697769	1.0318702326940135	1.0102961308613683	1.0558010465051133	1.0364612812149696	1.0354322083088734	1.0561440357021876
88.83993975654295	1.0317665419485755	1.0102593979929821	1.0556433293031406	1.0363431950378938	1.035318001699285	1.0559512678938048
88.9985825061082	1.0316633479817778	1.0102228613488864	1.0554862573760626	1.0362256761276782	1.0352043407351863	1.0557594870826523
89.15722525567345	1.0315606476550814	1.010186519533945	1.0553298272541016	1.0361087213627236	1.0350912219560757	1.0555686966137547
89.31586800523871	1.03145843785463	1.0101503711653983	1.0551740354908974	1.0359923262427002	1.0349786419288467	1.0553788713838608
89.47451075480397	1.0313567154910184	1.0101144148727326	1.0550188786633143	1.0358764879330538	1.0348665972475282	1.0551900195027737
89.63315350436922	1.0312554774990599	1.0100786492975498	1.0548643533712516	1.0357612024541587	1.034755084533028	1.0550021253750088
89.79179625393448	1.0311547208375598	1.010043073093439	1.0547104562374527	1.0356464666720029	1.0346441004328784	1.0548151900167855
89.95043900349974	1.031054442489089	1.0100076849258508	1.0545571839073207	1.0355322770096496	1.0345336416209863	1.054629204968401
90.10908175306498	1.030954639459761	1.0099724834719699	1.0544045330487306	1.0354186299154504	1.034423704797383	1.0544441617805091
90.26772450263024	1.0308553087790115	1.009937467420594	1.0542525003518481	1.0353055218628084	1.0343142866879804	1.054260052014026
90.4263672521955	1.0307564474993798	1.0099026354720102	1.054101082528947	1.0351929499356898	1.0342053840443266	1.0540768790980017
90.58501000176075	1.0306580526962927	1.0098679863378746	1.0539502763142292	1.0350809100711977	1.0340969936433666	1.0538946227556278
90.74365275132601	1.0305601214678524	1.0098335187410936	1.0538000784636474	1.034969399519443	1.0339891122872031	1.0537132888076068
90.90229550089127	1.0304626509346235	1.0097992314157058	1.0536504857547282	1.034858414617465	1.0338817368028637	1.053532864111786
91.06093825045652	1.0303656382394255	1.0097651231067661	1.0535014949863972	1.0347479523120113	1.0337748640420656	1.0533533473937822
91.21958100002178	1.0302690805471257	1.0097311925702306	1.0533531029788061	1.0346380091048644	1.0336684908809874	1.0531747279025518
91.37822374958702	1.030172975044435	1.009697438572843	1.0532053065731621	1.0345285818727834	1.0335626142200414	1.0529970020114574
91.53686649915228	1.0300773189397059	1.009663859892023	1.0530581026315573	1.0344196671642498	1.033457230983647	1.052820158988619
91.69550924871754	1.029982109462732	1.0096304553157553	1.052911488036801	1.0343112624882664	1.0333523381200096	1.0526442070843567
91.85415199828279	1.029887343864551	1.0095972236424804	1.0527654596922527	1.034203363970445	1.0332479326008996	1.052469126099236
92.01279474784805	1.029793019417249	1.0095641636809864	1.0526200145216582	1.0340959685792932	1.0331440114214343	1.0522949124442589
92.17143749741331	1.0296991334137662	1.0095312742503024	1.0524751494689857	1.0339890734229522	1.0330405715998627	1.0521215649112194
92.33008024697855	1.0296056831677065	1.0094985541795927	1.0523308614982636	1.0338826753973829	1.0329376101773518	1.051949077557841
92.48872299654381	1.0295126660131473	1.0094660023080528	1.0521871475934212	1.0337767716549726	1.032835124217776	1.0517774491940688
92.64736574610907	1.0294200793044532	1.009433617484807	1.0520440047581292	1.0336713583149697	1.0327331108075077	1.0516066572944596
92.80600849567432	1.0293279204160892	1.0094013985688055	1.0519014300156428	1.033566433041991	1.0326315670552118	1.0514367101731585
92.96465124523958	1.0292361867424387	1.0093693444287248	1.051759420408646	1.0334619924671096	1.0325304900916399	1.0512675948087642
93.12329399480484	1.0291448756976216	1.0093374539428683	1.051617972999097	1.0333580341804052	1.0324298770694298	1.0510993171613376
93.28193674437009	1.0290539847153146	1.0093057259990676	1.0514770848680761	1.0332545546206808	1.032329725162904	1.0509318594836434
93.44057949393535	1.028963511248574	1.0092741594945862	1.0513367531156335	1.0331515513026437	1.032230031567873	1.0507652253813482
93.5992222435006	1.02887345276966	1.0092427533360235	1.05119697486064	1.0330490212927095	1.0321307935014383	1.0505994089822297
93.75786499306585	1.0287838067698627	1.0092115064392198	1.051057747240638	1.0329469614432294	1.0320320082018002	1.0504343996792886
93.91650774263111	1.0286945707593307	1.0091804177291628	1.0509190674116942	1.0328453686267682	1.0319336729280644	1.05027018687386
94.07515049219637	1.0286057422669002	1.0091494861398957	1.0507809325482549	1.032744240908532	1.031835784960054	1.0501067836914755
94.23379324176162	1.0285173188399273	1.009118710614425	1.0506433398430002	1.0326435747320404	1.0317383415981203	1.0499441700635463
94.39243599132688	1.0284292980441208	1.0090880901046313	1.0505062865067019	1.032543367264031	1.0316413401629583	1.0497823401591604
94.55107874089214	1.0283416774633785	1.0090576235711786	1.0503697697680807	1.0324436166289646	1.0315447779954228	1.049621307128198
94.70972149045738	1.0282544546996226	1.0090273099834273	1.0502337868736678	1.0323443190943336	1.0314486524563458	1.0494610461830178
94.86836424002264	1.02816762737264	1.0089971483193463	1.0500983350876627	1.0322454716503655	1.0313529609263574	1.0493015467734428
95.0270069895879	1.0280811931199212	1.0089671375654277	1.0499634116917984	1.0321470724791348	1.0312577008057076	1.0491428220730648
95.18564973915315	1.0279951495965032	1.0089372767166005	1.0498290139852033	1.0320491188433547	1.0311628695140898
